Order ID,Product,Quantity Ordered,Price Each,Order Date,Purchase Address
259433,Bose SoundSport Headphones,1,99.99,10/11/19 09:01,"114 Park St, Boston, MA 02215"
259449,AA Batteries (4-pack),1,3.84,10/11/19 14:31,"947 Sunset St, Boston, MA 02215"
259460,Apple Airpods Headphones,1,150.0,10/11/19 17:51,"368 Maple St, Atlanta, GA 30301"
259498,Bose SoundSport Headphones,1,99.99,10/11/19 20:58,"253 8th St, Los Angeles, CA 90001"
259523,27in FHD Monitor,1,149.99,10/11/19 05:09,"697 Chestnut St, New York City, NY 10001"
259587,Lightning Charging Cable,1,14.95,10/11/19 11:25,"117 Jackson St, San Francisco, CA 94016"
259605,Bose SoundSport Headphones,1,99.99,10/11/19 16:44,"746 6th St, Austin, TX 73301"
259663,USB-C Charging Cable,1,11.95,10/11/19 15:16,"138 9th St, Dallas, TX 75001"
259706,USB-C Charging Cable,1,11.95,10/11/19 16:53,"59 Adams St, Atlanta, GA 30301"
259764,USB-C Charging Cable,1,11.95,10/11/19 08:51,"97 Lake St, Seattle, WA 98101"
259775,AAA Batteries (4-pack),1,2.99,10/11/19 12:26,"871 Chestnut St, Austin, TX 73301"
259801,Lightning Charging Cable,1,14.95,10/11/19 13:33,"245 South St, Dallas, TX 75001"
259820,Wired Headphones,1,11.99,10/11/19 22:04,"552 Cherry St, Los Angeles, CA 90001"
259968,Bose SoundSport Headphones,1,99.99,10/11/19 12:01,"871 Lincoln St, New York City, NY 10001"
259976,Apple Airpods Headphones,1,150.0,10/11/19 23:26,"676 Adams St, Boston, MA 02215"
259990,AA Batteries (4-pack),3,3.84,10/11/19 23:10,"961 7th St, San Francisco, CA 94016"
260049,AAA Batteries (4-pack),2,2.99,10/11/19 21:54,"185 5th St, Boston, MA 02215"
260066,Lightning Charging Cable,1,14.95,10/11/19 15:17,"370 8th St, Boston, MA 02215"
260112,AA Batteries (4-pack),1,3.84,10/11/19 10:24,"626 Maple St, San Francisco, CA 94016"
260140,USB-C Charging Cable,1,11.95,10/11/19 17:14,"822 14th St, San Francisco, CA 94016"
260297,USB-C Charging Cable,1,11.95,10/11/19 12:32,"428 Center St, New York City, NY 10001"
260310,ThinkPad Laptop,1,999.99,10/11/19 06:51,"244 Willow St, Seattle, WA 98101"
260360,ThinkPad Laptop,1,999.99,10/11/19 19:46,"778 13th St, Austin, TX 73301"
260395,AA Batteries (4-pack),3,3.84,10/11/19 13:26,"413 West St, New York City, NY 10001"
260396,Wired Headphones,1,11.99,10/11/19 11:26,"994 Willow St, San Francisco, CA 94016"
260490,Lightning Charging Cable,1,14.95,10/11/19 12:00,"733 Madison St, New York City, NY 10001"
260520,Apple Airpods Headphones,1,150.0,10/11/19 15:14,"480 11th St, Los Angeles, CA 90001"
260538,34in Ultrawide Monitor,1,379.99,10/11/19 10:38,"813 South St, Dallas, TX 75001"
260617,27in 4K Gaming Monitor,1,389.99,10/11/19 02:16,"136 Walnut St, Los Angeles, CA 90001"
260666,Apple Airpods Headphones,1,150.0,10/11/19 11:04,"316 12th St, New York City, NY 10001"
260678,USB-C Charging Cable,2,11.95,10/11/19 12:22,"696 Lincoln St, San Francisco, CA 94016"
260701,Wired Headphones,2,11.99,10/11/19 16:10,"256 South St, Atlanta, GA 30301"
260751,Lightning Charging Cable,1,14.95,10/11/19 19:13,"453 Main St, Dallas, TX 75001"
260776,AAA Batteries (4-pack),1,2.99,10/11/19 08:31,"183 Center St, San Francisco, CA 94016"
260818,Lightning Charging Cable,1,14.95,10/11/19 15:46,"30 Pine St, New York City, NY 10001"
260823,Lightning Charging Cable,1,14.95,10/11/19 19:34,"935 9th St, Los Angeles, CA 90001"
260848,Lightning Charging Cable,1,14.95,10/11/19 21:03,"688 Lakeview St, Boston, MA 02215"
260914,Bose SoundSport Headphones,1,99.99,10/11/19 22:10,"706 Lakeview St, Los Angeles, CA 90001"
260919,Bose SoundSport Headphones,1,99.99,10/11/19 16:36,"121 9th St, Dallas, TX 75001"
260975,Wired Headphones,2,11.99,10/11/19 10:57,"106 Washington St, San Francisco, CA 94016"
260979,Flatscreen TV,1,300.0,10/11/19 22:30,"726 Main St, San Francisco, CA 94016"
260980,Apple Airpods Headphones,1,150.0,10/11/19 13:56,"774 Pine St, San Francisco, CA 94016"
261014,Lightning Charging Cable,1,14.95,10/11/19 07:54,"792 4th St, Portland, OR 97035"
261026,Apple Airpods Headphones,1,150.0,10/11/19 21:40,"940 7th St, Dallas, TX 75001"
261039,LG Washing Machine,1,600.0,10/11/19 07:21,"910 Jackson St, Dallas, TX 75001"
261040,27in FHD Monitor,1,149.99,10/11/19 10:21,"223 Dogwood St, New York City, NY 10001"
261128,AA Batteries (4-pack),2,3.84,10/11/19 21:30,"184 Jefferson St, Boston, MA 02215"
261138,Lightning Charging Cable,1,14.95,10/11/19 10:56,"272 Ridge St, New York City, NY 10001"
261164,Wired Headphones,1,11.99,10/11/19 21:51,"976 Spruce St, Seattle, WA 98101"
261180,Wired Headphones,1,11.99,10/11/19 21:11,"234 Elm St, San Francisco, CA 94016"
261196,AA Batteries (4-pack),2,3.84,10/11/19 20:10,"424 11th St, San Francisco, CA 94016"
261202,Wired Headphones,1,11.99,10/11/19 15:46,"216 Johnson St, San Francisco, CA 94016"
261218,USB-C Charging Cable,1,11.95,10/11/19 10:59,"398 4th St, New York City, NY 10001"
261259,Lightning Charging Cable,1,14.95,10/11/19 20:56,"617 River St, Portland, OR 97035"
261337,AA Batteries (4-pack),1,3.84,10/11/19 08:45,"405 Hill St, Los Angeles, CA 90001"
261353,ThinkPad Laptop,1,999.99,10/11/19 10:27,"316 9th St, Austin, TX 73301"
261374,AAA Batteries (4-pack),2,2.99,10/11/19 21:19,"18 Wilson St, Portland, OR 97035"
261400,iPhone,1,700.0,10/11/19 14:36,"336 Highland St, San Francisco, CA 94016"
261400,Wired Headphones,1,11.99,10/11/19 14:36,"336 Highland St, San Francisco, CA 94016"
261448,Apple Airpods Headphones,1,150.0,10/11/19 15:36,"873 Lakeview St, Los Angeles, CA 90001"
261463,USB-C Charging Cable,1,11.95,10/11/19 00:24,"78 Park St, Portland, OR 97035"
261495,Apple Airpods Headphones,1,150.0,10/11/19 09:32,"609 Adams St, New York City, NY 10001"
261499,ThinkPad Laptop,1,999.99,10/11/19 14:05,"27 Wilson St, Dallas, TX 75001"
261519,AA Batteries (4-pack),1,3.84,10/11/19 18:02,"182 Lincoln St, San Francisco, CA 94016"
261563,iPhone,1,700.0,10/11/19 11:46,"969 Church St, Dallas, TX 75001"
261576,Lightning Charging Cable,1,14.95,10/11/19 08:55,"85 Adams St, San Francisco, CA 94016"
261580,27in 4K Gaming Monitor,1,389.99,10/11/19 22:48,"581 Adams St, New York City, NY 10001"
261586,AAA Batteries (4-pack),1,2.99,10/11/19 20:03,"703 Main St, Los Angeles, CA 90001"
261586,AAA Batteries (4-pack),1,2.99,10/11/19 20:03,"703 Main St, Los Angeles, CA 90001"
261609,USB-C Charging Cable,1,11.95,10/11/19 19:09,"981 Lake St, Seattle, WA 98101"
261640,Google Phone,1,600.0,10/11/19 13:09,"161 Lakeview St, Dallas, TX 75001"
261652,AAA Batteries (4-pack),1,2.99,10/11/19 10:44,"931 Jackson St, New York City, NY 10001"
261652,27in FHD Monitor,1,149.99,10/11/19 10:44,"931 Jackson St, New York City, NY 10001"
261660,AAA Batteries (4-pack),1,2.99,10/11/19 16:08,"455 Pine St, San Francisco, CA 94016"
261692,Bose SoundSport Headphones,1,99.99,10/11/19 18:08,"819 Meadow St, San Francisco, CA 94016"
261734,20in Monitor,1,109.99,10/11/19 02:27,"452 9th St, Seattle, WA 98101"
261752,ThinkPad Laptop,1,999.99,10/11/19 00:26,"79 4th St, Los Angeles, CA 90001"
261825,Bose SoundSport Headphones,1,99.99,10/11/19 07:53,"354 Highland St, San Francisco, CA 94016"
261877,USB-C Charging Cable,1,11.95,10/11/19 13:02,"928 Adams St, Los Angeles, CA 90001"
261892,USB-C Charging Cable,1,11.95,10/11/19 19:56,"370 4th St, Los Angeles, CA 90001"
261943,AAA Batteries (4-pack),1,2.99,10/11/19 08:36,"575 Maple St, New York City, NY 10001"
261975,Bose SoundSport Headphones,1,99.99,10/11/19 18:18,"313 Lake St, San Francisco, CA 94016"
262005,Lightning Charging Cable,1,14.95,10/11/19 23:33,"413 1st St, Seattle, WA 98101"
262038,Lightning Charging Cable,1,14.95,10/11/19 17:45,"89 9th St, Portland, OR 97035"
262097,Lightning Charging Cable,1,14.95,10/11/19 23:33,"202 11th St, San Francisco, CA 94016"
262126,USB-C Charging Cable,1,11.95,10/11/19 16:33,"370 Jefferson St, Los Angeles, CA 90001"
262151,Lightning Charging Cable,1,14.95,10/11/19 08:34,"207 Dogwood St, Austin, TX 73301"
262152,Apple Airpods Headphones,1,150.0,10/11/19 18:48,"169 1st St, San Francisco, CA 94016"
262157,USB-C Charging Cable,1,11.95,10/11/19 13:30,"449 Maple St, Boston, MA 02215"
262163,Lightning Charging Cable,1,14.95,10/11/19 12:10,"604 14th St, Los Angeles, CA 90001"
262181,AA Batteries (4-pack),1,3.84,10/11/19 23:35,"651 Meadow St, Atlanta, GA 30301"
262183,AAA Batteries (4-pack),1,2.99,10/11/19 11:13,"538 Highland St, San Francisco, CA 94016"
262211,34in Ultrawide Monitor,1,379.99,10/11/19 07:27,"527 Hickory St, Seattle, WA 98101"
262242,iPhone,1,700.0,10/11/19 09:35,"558 6th St, Boston, MA 02215"
262242,Wired Headphones,1,11.99,10/11/19 09:35,"558 6th St, Boston, MA 02215"
262247,AA Batteries (4-pack),1,3.84,10/11/19 19:09,"668 5th St, San Francisco, CA 94016"
262260,AAA Batteries (4-pack),1,2.99,10/11/19 01:22,"710 9th St, New York City, NY 10001"
262271,AAA Batteries (4-pack),1,2.99,10/11/19 16:44,"699 14th St, Portland, OR 97035"
262381,AAA Batteries (4-pack),1,2.99,10/11/19 08:38,"904 Jackson St, San Francisco, CA 94016"
262436,Lightning Charging Cable,1,14.95,10/11/19 09:15,"957 Cherry St, Boston, MA 02215"
262473,27in 4K Gaming Monitor,1,389.99,10/11/19 16:33,"769 Sunset St, Dallas, TX 75001"
262484,20in Monitor,1,109.99,10/11/19 15:48,"992 Wilson St, San Francisco, CA 94016"
262497,Lightning Charging Cable,1,14.95,10/11/19 10:52,"118 7th St, Seattle, WA 98101"
262576,Apple Airpods Headphones,1,150.0,10/11/19 10:12,"590 Washington St, Los Angeles, CA 90001"
262590,AA Batteries (4-pack),2,3.84,10/11/19 17:11,"991 2nd St, Los Angeles, CA 90001"
262596,iPhone,1,700.0,10/11/19 09:59,"725 Lake St, Dallas, TX 75001"
262596,Apple Airpods Headphones,1,150.0,10/11/19 09:59,"725 Lake St, Dallas, TX 75001"
262605,Bose SoundSport Headphones,1,99.99,10/11/19 10:43,"913 Willow St, Boston, MA 02215"
262614,AA Batteries (4-pack),1,3.84,10/11/19 12:43,"673 Spruce St, Los Angeles, CA 90001"
262662,AA Batteries (4-pack),1,3.84,10/11/19 13:20,"983 Chestnut St, Seattle, WA 98101"
262665,Lightning Charging Cable,1,14.95,10/11/19 13:14,"638 Adams St, San Francisco, CA 94016"
262700,Lightning Charging Cable,1,14.95,10/11/19 16:05,"857 4th St, Dallas, TX 75001"
262705,Lightning Charging Cable,1,14.95,10/11/19 19:24,"952 Main St, Portland, ME 04101"
262724,27in 4K Gaming Monitor,1,389.99,10/11/19 17:43,"876 9th St, Dallas, TX 75001"
262761,AA Batteries (4-pack),1,3.84,10/11/19 12:01,"26 Ridge St, Austin, TX 73301"
262787,Lightning Charging Cable,1,14.95,10/11/19 14:32,"161 Sunset St, Boston, MA 02215"
262865,AA Batteries (4-pack),1,3.84,10/11/19 23:00,"51 Maple St, San Francisco, CA 94016"
262906,Wired Headphones,1,11.99,10/11/19 20:51,"203 Sunset St, Boston, MA 02215"
262967,Lightning Charging Cable,1,14.95,10/11/19 13:26,"568 14th St, Los Angeles, CA 90001"
263050,Lightning Charging Cable,1,14.95,10/11/19 17:36,"932 Dogwood St, San Francisco, CA 94016"
263059,Lightning Charging Cable,1,14.95,10/11/19 10:27,"801 11th St, Atlanta, GA 30301"
263094,Apple Airpods Headphones,1,150.0,10/11/19 18:12,"55 Ridge St, Los Angeles, CA 90001"
263100,AAA Batteries (4-pack),1,2.99,10/11/19 13:54,"852 10th St, Portland, OR 97035"
263138,Google Phone,1,600.0,10/11/19 21:18,"52 13th St, Boston, MA 02215"
263144,AA Batteries (4-pack),1,3.84,10/11/19 11:25,"83 Spruce St, San Francisco, CA 94016"
263168,Apple Airpods Headphones,1,150.0,10/11/19 21:57,"749 North St, Los Angeles, CA 90001"
263179,Google Phone,1,600.0,10/11/19 17:54,"861 5th St, Portland, OR 97035"
263181,AAA Batteries (4-pack),1,2.99,10/11/19 18:18,"404 Pine St, Portland, OR 97035"
263201,AA Batteries (4-pack),1,3.84,10/11/19 19:37,"495 Forest St, Los Angeles, CA 90001"
263213,AA Batteries (4-pack),3,3.84,10/11/19 12:55,"27 Elm St, Seattle, WA 98101"
263240,27in 4K Gaming Monitor,1,389.99,10/11/19 23:27,"147 10th St, New York City, NY 10001"
263310,27in 4K Gaming Monitor,1,389.99,10/11/19 10:20,"69 Pine St, Dallas, TX 75001"
263327,USB-C Charging Cable,1,11.95,10/11/19 13:31,"194 14th St, San Francisco, CA 94016"
263340,USB-C Charging Cable,1,11.95,10/11/19 19:21,"212 Hill St, Austin, TX 73301"
263377,USB-C Charging Cable,1,11.95,10/11/19 06:53,"971 River St, Atlanta, GA 30301"
263392,AAA Batteries (4-pack),1,2.99,10/11/19 12:53,"605 Pine St, Portland, OR 97035"
263400,Lightning Charging Cable,1,14.95,10/11/19 19:06,"573 7th St, Boston, MA 02215"
263513,Apple Airpods Headphones,1,150.0,10/11/19 19:39,"156 Hill St, Boston, MA 02215"
263631,34in Ultrawide Monitor,1,379.99,10/11/19 16:03,"468 Forest St, Austin, TX 73301"
263648,Lightning Charging Cable,1,14.95,10/11/19 16:20,"251 14th St, New York City, NY 10001"
263665,Wired Headphones,1,11.99,10/11/19 23:30,"210 Main St, Portland, OR 97035"
263677,20in Monitor,1,109.99,10/11/19 16:32,"252 6th St, San Francisco, CA 94016"
263735,LG Dryer,1,600.0,10/11/19 23:01,"337 14th St, San Francisco, CA 94016"
263778,20in Monitor,1,109.99,10/11/19 07:24,"886 Center St, San Francisco, CA 94016"
263780,27in 4K Gaming Monitor,1,389.99,10/11/19 10:23,"403 Jefferson St, Los Angeles, CA 90001"
263800,Vareebadd Phone,1,400.0,10/11/19 01:44,"433 North St, New York City, NY 10001"
263800,Wired Headphones,1,11.99,10/11/19 01:44,"433 North St, New York City, NY 10001"
263848,AA Batteries (4-pack),1,3.84,10/11/19 10:54,"654 Willow St, Seattle, WA 98101"
263892,Wired Headphones,1,11.99,10/11/19 20:43,"251 Wilson St, New York City, NY 10001"
264011,USB-C Charging Cable,1,11.95,10/11/19 00:54,"246 Willow St, Los Angeles, CA 90001"
264019,Apple Airpods Headphones,1,150.0,10/11/19 20:55,"726 Ridge St, Boston, MA 02215"
264073,USB-C Charging Cable,1,11.95,10/11/19 16:43,"256 12th St, Boston, MA 02215"
264091,AA Batteries (4-pack),1,3.84,10/11/19 12:45,"527 2nd St, San Francisco, CA 94016"
264092,Macbook Pro Laptop,1,1700.0,10/11/19 08:50,"85 Cedar St, San Francisco, CA 94016"
264150,Wired Headphones,1,11.99,10/11/19 16:37,"210 4th St, Atlanta, GA 30301"
264275,20in Monitor,1,109.99,10/11/19 12:21,"537 11th St, San Francisco, CA 94016"
264275,Bose SoundSport Headphones,1,99.99,10/11/19 12:21,"537 11th St, San Francisco, CA 94016"
264323,Apple Airpods Headphones,1,150.0,10/11/19 12:58,"844 Pine St, Los Angeles, CA 90001"
264336,USB-C Charging Cable,2,11.95,10/11/19 19:26,"527 Hickory St, Los Angeles, CA 90001"
264346,AAA Batteries (4-pack),1,2.99,10/11/19 23:25,"431 Sunset St, Los Angeles, CA 90001"
264364,ThinkPad Laptop,1,999.99,10/11/19 08:03,"198 Cedar St, Los Angeles, CA 90001"
264466,27in 4K Gaming Monitor,1,389.99,10/11/19 23:48,"237 13th St, Los Angeles, CA 90001"
264528,27in 4K Gaming Monitor,1,389.99,10/11/19 17:02,"554 13th St, Seattle, WA 98101"
264570,USB-C Charging Cable,1,11.95,10/11/19 19:49,"693 13th St, Portland, OR 97035"
264623,AA Batteries (4-pack),1,3.84,10/11/19 18:16,"432 Walnut St, San Francisco, CA 94016"
264785,AA Batteries (4-pack),1,3.84,10/11/19 06:39,"639 12th St, San Francisco, CA 94016"
264796,Lightning Charging Cable,1,14.95,10/11/19 20:09,"862 Highland St, Atlanta, GA 30301"
264801,Google Phone,1,600.0,10/11/19 20:41,"530 Cedar St, San Francisco, CA 94016"
264826,34in Ultrawide Monitor,1,379.99,10/11/19 21:26,"423 8th St, San Francisco, CA 94016"
264833,USB-C Charging Cable,1,11.95,10/11/19 14:03,"78 Hill St, New York City, NY 10001"
264904,34in Ultrawide Monitor,1,379.99,10/11/19 15:05,"591 Main St, New York City, NY 10001"
264947,27in 4K Gaming Monitor,1,389.99,10/11/19 15:25,"337 Lincoln St, Boston, MA 02215"
264975,Lightning Charging Cable,1,14.95,10/11/19 22:03,"110 1st St, Seattle, WA 98101"
265000,Bose SoundSport Headphones,1,99.99,10/11/19 11:33,"333 Park St, Seattle, WA 98101"
265115,iPhone,1,700.0,10/11/19 21:48,"817 14th St, Dallas, TX 75001"
265115,Lightning Charging Cable,1,14.95,10/11/19 21:48,"817 14th St, Dallas, TX 75001"
265216,USB-C Charging Cable,1,11.95,10/11/19 10:28,"323 Hickory St, Austin, TX 73301"
265239,USB-C Charging Cable,1,11.95,10/11/19 10:30,"119 South St, San Francisco, CA 94016"
265303,AAA Batteries (4-pack),1,2.99,10/11/19 16:07,"637 Pine St, Portland, OR 97035"
265333,Macbook Pro Laptop,1,1700.0,10/11/19 02:00,"561 7th St, Atlanta, GA 30301"
265334,Flatscreen TV,1,300.0,10/11/19 00:37,"177 Hickory St, San Francisco, CA 94016"
265349,27in FHD Monitor,1,149.99,10/11/19 13:21,"949 Park St, Boston, MA 02215"
265397,Google Phone,1,600.0,10/11/19 16:26,"698 5th St, New York City, NY 10001"
265443,AA Batteries (4-pack),2,3.84,10/11/19 10:40,"716 Park St, New York City, NY 10001"
265486,Flatscreen TV,1,300.0,10/11/19 09:59,"259 Wilson St, New York City, NY 10001"
265496,iPhone,1,700.0,10/11/19 16:55,"137 Meadow St, San Francisco, CA 94016"
265497,USB-C Charging Cable,1,11.95,10/11/19 16:32,"245 9th St, Atlanta, GA 30301"
265538,Wired Headphones,1,11.99,10/11/19 21:31,"446 Dogwood St, Los Angeles, CA 90001"
265543,AA Batteries (4-pack),1,3.84,10/11/19 17:50,"120 8th St, Portland, OR 97035"
265574,Bose SoundSport Headphones,1,99.99,10/11/19 14:44,"917 Meadow St, New York City, NY 10001"
265588,Lightning Charging Cable,1,14.95,10/11/19 22:22,"995 Lake St, San Francisco, CA 94016"
265618,Bose SoundSport Headphones,1,99.99,10/11/19 18:54,"613 Lincoln St, Los Angeles, CA 90001"
265650,ThinkPad Laptop,1,999.99,10/11/19 12:15,"388 12th St, San Francisco, CA 94016"
265652,AA Batteries (4-pack),1,3.84,10/11/19 11:23,"788 Washington St, Los Angeles, CA 90001"
265682,AA Batteries (4-pack),1,3.84,10/11/19 11:49,"336 Ridge St, Los Angeles, CA 90001"
265696,Bose SoundSport Headphones,1,99.99,10/11/19 15:03,"331 6th St, Atlanta, GA 30301"
265698,Google Phone,1,600.0,10/11/19 01:45,"50 Center St, Portland, ME 04101"
265716,AA Batteries (4-pack),1,3.84,10/11/19 08:25,"356 Hickory St, Boston, MA 02215"
265791,ThinkPad Laptop,1,999.99,10/11/19 11:56,"256 Spruce St, Atlanta, GA 30301"
265792,20in Monitor,1,109.99,10/11/19 18:36,"264 Park St, New York City, NY 10001"
265805,Lightning Charging Cable,1,14.95,10/11/19 03:25,"852 8th St, San Francisco, CA 94016"
265820,AA Batteries (4-pack),2,3.84,10/11/19 00:33,"401 5th St, Seattle, WA 98101"
265878,Lightning Charging Cable,1,14.95,10/11/19 05:07,"761 Elm St, Austin, TX 73301"
265942,Macbook Pro Laptop,1,1700.0,10/11/19 18:33,"7 Washington St, New York City, NY 10001"
265952,Lightning Charging Cable,1,14.95,10/11/19 07:51,"524 Chestnut St, New York City, NY 10001"
266005,Google Phone,1,600.0,10/11/19 17:32,"555 Jackson St, Dallas, TX 75001"
266013,iPhone,1,700.0,10/11/19 21:13,"157 Highland St, Boston, MA 02215"
266013,Lightning Charging Cable,1,14.95,10/11/19 21:13,"157 Highland St, Boston, MA 02215"
266026,Google Phone,1,600.0,10/11/19 21:38,"164 Lakeview St, Boston, MA 02215"
266052,20in Monitor,1,109.99,10/11/19 22:29,"945 South St, San Francisco, CA 94016"
266060,Flatscreen TV,1,300.0,10/11/19 20:35,"655 5th St, Boston, MA 02215"
266076,AA Batteries (4-pack),1,3.84,10/11/19 23:49,"316 North St, Seattle, WA 98101"
266093,Macbook Pro Laptop,1,1700.0,10/11/19 11:00,"953 Johnson St, Los Angeles, CA 90001"
266101,Lightning Charging Cable,1,14.95,10/11/19 19:49,"301 Sunset St, San Francisco, CA 94016"
266111,iPhone,1,700.0,10/11/19 22:21,"61 Johnson St, Los Angeles, CA 90001"
266150,Wired Headphones,1,11.99,10/11/19 11:37,"268 4th St, Boston, MA 02215"
266226,USB-C Charging Cable,1,11.95,10/11/19 00:42,"802 8th St, Atlanta, GA 30301"
266227,Wired Headphones,1,11.99,10/11/19 21:07,"898 Dogwood St, San Francisco, CA 94016"
266268,USB-C Charging Cable,2,11.95,10/11/19 18:40,"606 Hill St, Boston, MA 02215"
266276,AA Batteries (4-pack),2,3.84,10/11/19 21:39,"124 Johnson St, San Francisco, CA 94016"
266328,Bose SoundSport Headphones,1,99.99,10/11/19 13:37,"8 Madison St, San Francisco, CA 94016"
266391,AAA Batteries (4-pack),1,2.99,10/11/19 08:26,"673 Jefferson St, Seattle, WA 98101"
266393,AA Batteries (4-pack),1,3.84,10/11/19 20:21,"842 Lakeview St, Seattle, WA 98101"
266425,AAA Batteries (4-pack),1,2.99,10/11/19 13:04,"259 Chestnut St, Los Angeles, CA 90001"
266435,34in Ultrawide Monitor,1,379.99,10/11/19 16:24,"828 Lake St, Dallas, TX 75001"
266438,AAA Batteries (4-pack),2,2.99,10/11/19 06:45,"990 Chestnut St, San Francisco, CA 94016"
266443,Apple Airpods Headphones,1,150.0,10/11/19 11:01,"607 Washington St, San Francisco, CA 94016"
266466,USB-C Charging Cable,2,11.95,10/11/19 00:54,"146 Washington St, Los Angeles, CA 90001"
266523,Wired Headphones,1,11.99,10/11/19 22:43,"379 Spruce St, New York City, NY 10001"
266535,AA Batteries (4-pack),1,3.84,10/11/19 10:33,"811 Park St, Los Angeles, CA 90001"
266578,USB-C Charging Cable,1,11.95,10/11/19 17:06,"838 Sunset St, New York City, NY 10001"
266626,Flatscreen TV,1,300.0,10/11/19 08:48,"679 Hickory St, Portland, ME 04101"
266631,Lightning Charging Cable,1,14.95,10/11/19 10:43,"594 Washington St, San Francisco, CA 94016"
266664,Wired Headphones,1,11.99,10/11/19 15:55,"60 Adams St, Boston, MA 02215"
266719,AAA Batteries (4-pack),1,2.99,10/11/19 14:27,"217 River St, Atlanta, GA 30301"
266757,Wired Headphones,1,11.99,10/11/19 12:08,"651 Spruce St, Atlanta, GA 30301"
266773,27in 4K Gaming Monitor,1,389.99,10/11/19 17:26,"56 Cherry St, Los Angeles, CA 90001"
266774,Wired Headphones,1,11.99,10/11/19 19:50,"460 6th St, Dallas, TX 75001"
266857,AA Batteries (4-pack),1,3.84,10/11/19 14:04,"450 Walnut St, San Francisco, CA 94016"
266911,Macbook Pro Laptop,1,1700.0,10/11/19 18:02,"820 Hickory St, New York City, NY 10001"
266926,27in 4K Gaming Monitor,1,389.99,10/11/19 11:36,"504 North St, Los Angeles, CA 90001"
266933,27in 4K Gaming Monitor,1,389.99,10/11/19 11:20,"103 Johnson St, Los Angeles, CA 90001"
266949,AAA Batteries (4-pack),2,2.99,10/11/19 17:42,"305 Jefferson St, Portland, OR 97035"
266996,20in Monitor,1,109.99,10/11/19 12:47,"440 6th St, San Francisco, CA 94016"
267025,AA Batteries (4-pack),1,3.84,10/11/19 08:50,"907 Church St, Atlanta, GA 30301"
267086,Apple Airpods Headphones,1,150.0,10/11/19 12:44,"87 Main St, Boston, MA 02215"
267122,Wired Headphones,1,11.99,10/11/19 17:29,"992 Cherry St, San Francisco, CA 94016"
267124,USB-C Charging Cable,1,11.95,10/11/19 13:47,"751 Washington St, San Francisco, CA 94016"
267213,AA Batteries (4-pack),1,3.84,10/11/19 19:20,"267 Forest St, Austin, TX 73301"
267215,iPhone,1,700.0,10/11/19 11:27,"836 Hill St, Los Angeles, CA 90001"
267215,Apple Airpods Headphones,1,150.0,10/11/19 11:27,"836 Hill St, Los Angeles, CA 90001"
267269,AAA Batteries (4-pack),1,2.99,10/11/19 14:31,"957 Cherry St, New York City, NY 10001"
267309,USB-C Charging Cable,1,11.95,10/11/19 20:16,"431 5th St, San Francisco, CA 94016"
267382,Bose SoundSport Headphones,1,99.99,10/11/19 13:48,"856 Maple St, San Francisco, CA 94016"
267512,Macbook Pro Laptop,1,1700.0,10/11/19 11:29,"503 11th St, New York City, NY 10001"
267512,Wired Headphones,1,11.99,10/11/19 11:29,"503 11th St, New York City, NY 10001"
267519,AAA Batteries (4-pack),2,2.99,10/11/19 15:24,"659 Cedar St, Austin, TX 73301"
267535,USB-C Charging Cable,1,11.95,10/11/19 10:25,"908 Forest St, Atlanta, GA 30301"
267605,Macbook Pro Laptop,1,1700.0,10/11/19 16:16,"462 Lincoln St, San Francisco, CA 94016"
267614,27in 4K Gaming Monitor,1,389.99,10/11/19 20:41,"732 Walnut St, Seattle, WA 98101"
267650,27in FHD Monitor,1,149.99,10/11/19 12:14,"754 Maple St, Dallas, TX 75001"
267659,iPhone,1,700.0,10/11/19 21:09,"997 Pine St, Austin, TX 73301"
267659,Lightning Charging Cable,1,14.95,10/11/19 21:09,"997 Pine St, Austin, TX 73301"
267665,USB-C Charging Cable,1,11.95,10/11/19 16:59,"767 11th St, New York City, NY 10001"
267694,Lightning Charging Cable,1,14.95,10/11/19 09:56,"888 Hickory St, San Francisco, CA 94016"
267700,Lightning Charging Cable,1,14.95,10/11/19 12:26,"567 10th St, Atlanta, GA 30301"
267724,Apple Airpods Headphones,1,150.0,10/11/19 19:44,"876 12th St, San Francisco, CA 94016"
267744,Wired Headphones,1,11.99,10/11/19 09:40,"162 2nd St, Los Angeles, CA 90001"
267812,Flatscreen TV,1,300.0,10/11/19 11:30,"73 Forest St, San Francisco, CA 94016"
267843,Lightning Charging Cable,1,14.95,10/11/19 09:08,"107 Center St, San Francisco, CA 94016"
267938,AA Batteries (4-pack),2,3.84,10/11/19 19:02,"145 Chestnut St, Dallas, TX 75001"
268018,27in 4K Gaming Monitor,1,389.99,10/11/19 15:21,"13 Highland St, Boston, MA 02215"
268108,Wired Headphones,1,11.99,10/11/19 14:54,"516 Maple St, Seattle, WA 98101"
268136,Flatscreen TV,1,300.0,10/11/19 08:39,"32 South St, Boston, MA 02215"
268170,34in Ultrawide Monitor,1,379.99,10/11/19 19:44,"607 14th St, Los Angeles, CA 90001"
268175,Macbook Pro Laptop,1,1700.0,10/11/19 11:19,"992 Willow St, Los Angeles, CA 90001"
268177,Wired Headphones,1,11.99,10/11/19 16:47,"755 1st St, San Francisco, CA 94016"
268208,iPhone,1,700.0,10/11/19 18:24,"54 Park St, Los Angeles, CA 90001"
268210,USB-C Charging Cable,1,11.95,10/11/19 23:39,"468 11th St, Portland, OR 97035"
268215,Wired Headphones,1,11.99,10/11/19 20:39,"327 9th St, New York City, NY 10001"
268509,Wired Headphones,1,11.99,10/11/19 23:52,"609 5th St, Los Angeles, CA 90001"
268563,Lightning Charging Cable,1,14.95,10/11/19 17:30,"825 Highland St, Portland, OR 97035"
268590,Google Phone,1,600.0,10/11/19 17:34,"451 Maple St, New York City, NY 10001"
268761,Wired Headphones,1,11.99,10/11/19 17:27,"846 Jefferson St, San Francisco, CA 94016"
268777,Bose SoundSport Headphones,1,99.99,10/11/19 14:33,"493 Maple St, Portland, OR 97035"
268785,Macbook Pro Laptop,1,1700.0,10/11/19 22:26,"138 Madison St, Dallas, TX 75001"
268792,Wired Headphones,1,11.99,10/11/19 14:45,"835 Hill St, Dallas, TX 75001"
268794,20in Monitor,1,109.99,10/11/19 12:10,"393 Dogwood St, Los Angeles, CA 90001"
268827,USB-C Charging Cable,1,11.95,10/11/19 13:30,"843 Madison St, Atlanta, GA 30301"
268827,Lightning Charging Cable,1,14.95,10/11/19 13:30,"843 Madison St, Atlanta, GA 30301"
268834,USB-C Charging Cable,1,11.95,10/11/19 07:38,"66 Willow St, San Francisco, CA 94016"
268836,Wired Headphones,1,11.99,10/11/19 12:38,"599 Jefferson St, New York City, NY 10001"
268842,Flatscreen TV,1,300.0,10/11/19 16:31,"468 4th St, New York City, NY 10001"
268905,AA Batteries (4-pack),1,3.84,10/11/19 12:55,"37 11th St, Dallas, TX 75001"
269013,Bose SoundSport Headphones,1,99.99,10/11/19 20:35,"708 Cherry St, New York City, NY 10001"
269157,Bose SoundSport Headphones,1,99.99,10/11/19 07:38,"268 South St, Boston, MA 02215"
269177,Apple Airpods Headphones,1,150.0,10/11/19 10:21,"883 Walnut St, San Francisco, CA 94016"
269180,Lightning Charging Cable,3,14.95,10/11/19 14:25,"274 Center St, Los Angeles, CA 90001"
269240,Lightning Charging Cable,2,14.95,10/11/19 21:48,"905 Sunset St, Atlanta, GA 30301"
269277,AA Batteries (4-pack),1,3.84,10/11/19 15:26,"66 Willow St, Seattle, WA 98101"
269298,Wired Headphones,1,11.99,10/11/19 16:31,"765 Lakeview St, San Francisco, CA 94016"
269364,ThinkPad Laptop,1,999.99,10/11/19 21:12,"862 Dogwood St, Los Angeles, CA 90001"
269372,34in Ultrawide Monitor,1,379.99,10/11/19 18:48,"492 14th St, San Francisco, CA 94016"
269443,Bose SoundSport Headphones,1,99.99,10/11/19 12:25,"601 13th St, San Francisco, CA 94016"
269450,Bose SoundSport Headphones,1,99.99,10/11/19 16:43,"43 7th St, Dallas, TX 75001"
269481,AA Batteries (4-pack),1,3.84,10/11/19 23:59,"602 2nd St, San Francisco, CA 94016"
269491,Apple Airpods Headphones,1,150.0,10/11/19 21:05,"833 Hill St, Los Angeles, CA 90001"
269519,Lightning Charging Cable,1,14.95,10/11/19 16:10,"323 Lake St, Los Angeles, CA 90001"
269526,Lightning Charging Cable,1,14.95,10/11/19 22:53,"861 River St, Atlanta, GA 30301"
269536,USB-C Charging Cable,1,11.95,10/11/19 06:51,"371 Madison St, Boston, MA 02215"
269584,Wired Headphones,1,11.99,10/11/19 11:54,"829 Jefferson St, Boston, MA 02215"
269653,USB-C Charging Cable,3,11.95,10/11/19 18:03,"40 5th St, Los Angeles, CA 90001"
269654,Wired Headphones,1,11.99,10/11/19 17:21,"724 Hill St, Austin, TX 73301"
269670,AAA Batteries (4-pack),3,2.99,10/11/19 15:41,"508 Spruce St, Boston, MA 02215"
269706,AA Batteries (4-pack),1,3.84,10/11/19 20:28,"370 Johnson St, Dallas, TX 75001"
269731,AA Batteries (4-pack),1,3.84,10/11/19 21:06,"605 10th St, New York City, NY 10001"
269747,Wired Headphones,1,11.99,10/11/19 12:06,"726 9th St, New York City, NY 10001"
269758,Wired Headphones,1,11.99,10/11/19 23:32,"190 Lakeview St, Dallas, TX 75001"
269773,Lightning Charging Cable,1,14.95,10/11/19 15:23,"774 Elm St, Portland, OR 97035"
269784,20in Monitor,1,109.99,10/11/19 16:17,"629 Center St, San Francisco, CA 94016"
269792,AA Batteries (4-pack),1,3.84,10/11/19 17:36,"488 11th St, Los Angeles, CA 90001"
269793,AAA Batteries (4-pack),1,2.99,10/11/19 07:56,"933 8th St, New York City, NY 10001"
269794,Wired Headphones,1,11.99,10/11/19 01:14,"486 Spruce St, Atlanta, GA 30301"
269821,Apple Airpods Headphones,1,150.0,10/11/19 08:10,"276 Maple St, Dallas, TX 75001"
269862,20in Monitor,1,109.99,10/11/19 08:22,"371 Lake St, Portland, OR 97035"
269900,Wired Headphones,1,11.99,10/11/19 14:14,"321 Washington St, Atlanta, GA 30301"
269919,Apple Airpods Headphones,1,150.0,10/11/19 17:32,"431 Meadow St, Dallas, TX 75001"
269938,20in Monitor,1,109.99,10/11/19 11:46,"653 Ridge St, San Francisco, CA 94016"
269947,Lightning Charging Cable,2,14.95,10/11/19 21:35,"41 Forest St, Los Angeles, CA 90001"
270030,Lightning Charging Cable,1,14.95,10/11/19 17:13,"432 Elm St, Los Angeles, CA 90001"
270042,USB-C Charging Cable,1,11.95,10/11/19 14:26,"345 Washington St, Dallas, TX 75001"
270069,27in FHD Monitor,1,149.99,10/11/19 18:39,"156 Hickory St, Atlanta, GA 30301"
270073,USB-C Charging Cable,1,11.95,10/11/19 00:11,"490 Park St, Seattle, WA 98101"
270217,Apple Airpods Headphones,1,150.0,10/11/19 14:37,"837 Jefferson St, New York City, NY 10001"
270270,34in Ultrawide Monitor,1,379.99,10/11/19 10:03,"65 River St, Atlanta, GA 30301"
270274,Bose SoundSport Headphones,1,99.99,10/11/19 19:20,"958 Wilson St, Los Angeles, CA 90001"
270274,AAA Batteries (4-pack),1,2.99,10/11/19 19:20,"958 Wilson St, Los Angeles, CA 90001"
270276,AA Batteries (4-pack),1,3.84,10/11/19 19:34,"727 Sunset St, Dallas, TX 75001"
270336,AA Batteries (4-pack),1,3.84,10/11/19 22:57,"820 Willow St, Atlanta, GA 30301"
270388,Apple Airpods Headphones,1,150.0,10/11/19 21:13,"616 Washington St, San Francisco, CA 94016"
270392,Google Phone,1,600.0,10/11/19 15:24,"922 Hickory St, San Francisco, CA 94016"
270392,USB-C Charging Cable,1,11.95,10/11/19 15:24,"922 Hickory St, San Francisco, CA 94016"
270452,27in FHD Monitor,1,149.99,10/11/19 15:42,"476 6th St, Los Angeles, CA 90001"
270465,Apple Airpods Headphones,1,150.0,10/11/19 10:17,"426 9th St, Boston, MA 02215"
270466,Bose SoundSport Headphones,2,99.99,10/11/19 23:54,"789 Willow St, Los Angeles, CA 90001"
270515,Wired Headphones,1,11.99,10/11/19 12:25,"121 Dogwood St, Austin, TX 73301"
270585,AA Batteries (4-pack),2,3.84,10/11/19 21:50,"9 Elm St, Atlanta, GA 30301"
270622,LG Washing Machine,1,600.0,10/11/19 10:00,"771 Park St, New York City, NY 10001"
270639,34in Ultrawide Monitor,1,379.99,10/11/19 15:31,"601 Jackson St, San Francisco, CA 94016"
270692,Macbook Pro Laptop,1,1700.0,10/11/19 11:31,"154 Lake St, New York City, NY 10001"
270765,Flatscreen TV,1,300.0,10/11/19 21:08,"625 Chestnut St, San Francisco, CA 94016"
270769,Apple Airpods Headphones,1,150.0,10/11/19 00:06,"36 4th St, Austin, TX 73301"
270801,Lightning Charging Cable,1,14.95,10/11/19 12:34,"334 8th St, Dallas, TX 75001"
270805,Bose SoundSport Headphones,1,99.99,10/11/19 17:43,"808 2nd St, San Francisco, CA 94016"
270811,AAA Batteries (4-pack),1,2.99,10/11/19 22:33,"423 Meadow St, Portland, OR 97035"
270907,Apple Airpods Headphones,1,150.0,10/11/19 18:35,"805 Meadow St, Portland, ME 04101"
270923,Lightning Charging Cable,1,14.95,10/11/19 10:05,"397 Madison St, Los Angeles, CA 90001"
270929,ThinkPad Laptop,1,999.99,10/11/19 11:09,"919 Chestnut St, San Francisco, CA 94016"
270949,Lightning Charging Cable,1,14.95,10/11/19 13:25,"464 Cherry St, Los Angeles, CA 90001"
270974,34in Ultrawide Monitor,1,379.99,10/11/19 16:27,"277 Church St, Atlanta, GA 30301"
270982,ThinkPad Laptop,1,999.99,10/11/19 10:17,"593 5th St, San Francisco, CA 94016"
270982,USB-C Charging Cable,1,11.95,10/11/19 10:17,"593 5th St, San Francisco, CA 94016"
271064,AA Batteries (4-pack),2,3.84,10/11/19 19:23,"481 7th St, San Francisco, CA 94016"
271070,20in Monitor,1,109.99,10/11/19 23:00,"876 Lake St, Dallas, TX 75001"
271139,USB-C Charging Cable,1,11.95,10/11/19 14:43,"722 Dogwood St, Los Angeles, CA 90001"
271157,Wired Headphones,1,11.99,10/11/19 11:53,"622 4th St, New York City, NY 10001"
271217,Wired Headphones,1,11.99,10/11/19 20:36,"769 Willow St, Dallas, TX 75001"
271224,Lightning Charging Cable,1,14.95,10/11/19 13:50,"756 9th St, Atlanta, GA 30301"
271244,AAA Batteries (4-pack),1,2.99,10/11/19 09:14,"901 Madison St, Portland, OR 97035"
271250,AA Batteries (4-pack),1,3.84,10/11/19 13:34,"308 Dogwood St, Los Angeles, CA 90001"
271289,AAA Batteries (4-pack),1,2.99,10/11/19 19:42,"22 Lake St, Los Angeles, CA 90001"
271316,Wired Headphones,1,11.99,10/11/19 22:37,"384 Dogwood St, Los Angeles, CA 90001"
271332,Apple Airpods Headphones,1,150.0,10/11/19 22:37,"275 10th St, Boston, MA 02215"
271347,iPhone,1,700.0,10/11/19 21:31,"966 4th St, Portland, OR 97035"
271349,27in FHD Monitor,1,149.99,10/11/19 15:22,"416 Hill St, San Francisco, CA 94016"
271373,Flatscreen TV,1,300.0,10/11/19 10:09,"144 7th St, Dallas, TX 75001"
271380,iPhone,1,700.0,10/11/19 09:15,"138 South St, San Francisco, CA 94016"
271457,AAA Batteries (4-pack),1,2.99,10/11/19 18:46,"386 Chestnut St, Los Angeles, CA 90001"
271460,ThinkPad Laptop,1,999.99,10/11/19 11:41,"483 5th St, New York City, NY 10001"
271474,27in 4K Gaming Monitor,1,389.99,10/11/19 22:47,"682 Cedar St, San Francisco, CA 94016"
271498,34in Ultrawide Monitor,1,379.99,10/11/19 18:10,"321 9th St, Los Angeles, CA 90001"
271606,27in FHD Monitor,1,149.99,10/11/19 09:33,"691 Lincoln St, Los Angeles, CA 90001"
271607,USB-C Charging Cable,1,11.95,10/11/19 18:05,"639 4th St, San Francisco, CA 94016"
271630,Wired Headphones,1,11.99,10/11/19 17:53,"915 11th St, New York City, NY 10001"
271643,AA Batteries (4-pack),1,3.84,10/11/19 17:47,"190 Johnson St, Dallas, TX 75001"
271718,iPhone,1,700.0,10/11/19 10:30,"274 Cedar St, Boston, MA 02215"
271724,USB-C Charging Cable,1,11.95,10/11/19 00:18,"407 Jefferson St, San Francisco, CA 94016"
271784,AA Batteries (4-pack),1,3.84,10/11/19 19:34,"799 Johnson St, New York City, NY 10001"
271785,Lightning Charging Cable,1,14.95,10/11/19 12:38,"701 Forest St, San Francisco, CA 94016"
271797,AA Batteries (4-pack),1,3.84,10/11/19 11:24,"776 Madison St, Dallas, TX 75001"
271810,Wired Headphones,1,11.99,10/11/19 16:31,"90 Meadow St, New York City, NY 10001"
271826,34in Ultrawide Monitor,1,379.99,10/11/19 13:51,"257 Hickory St, Portland, OR 97035"
271841,iPhone,1,700.0,10/11/19 20:04,"26 Jackson St, Los Angeles, CA 90001"
271866,27in FHD Monitor,1,149.99,10/11/19 18:00,"758 Jackson St, Los Angeles, CA 90001"
271868,27in FHD Monitor,1,149.99,10/11/19 19:21,"561 Ridge St, Seattle, WA 98101"
271878,Lightning Charging Cable,1,14.95,10/11/19 19:35,"590 Spruce St, San Francisco, CA 94016"
271944,Wired Headphones,1,11.99,10/11/19 21:22,"763 Elm St, Atlanta, GA 30301"
271952,AA Batteries (4-pack),1,3.84,10/11/19 16:01,"152 Church St, New York City, NY 10001"
272067,AAA Batteries (4-pack),1,2.99,10/11/19 22:13,"162 6th St, Austin, TX 73301"
272078,USB-C Charging Cable,1,11.95,10/11/19 14:23,"929 Wilson St, Boston, MA 02215"
272082,Bose SoundSport Headphones,1,99.99,10/11/19 14:38,"908 Lakeview St, Seattle, WA 98101"
272237,Google Phone,1,600.0,10/11/19 13:55,"914 Washington St, San Francisco, CA 94016"
272237,USB-C Charging Cable,1,11.95,10/11/19 13:55,"914 Washington St, San Francisco, CA 94016"
272265,27in FHD Monitor,1,149.99,10/11/19 11:30,"561 Hickory St, Seattle, WA 98101"
272271,Wired Headphones,2,11.99,10/11/19 13:42,"612 Maple St, New York City, NY 10001"
272280,27in 4K Gaming Monitor,1,389.99,10/11/19 22:11,"283 10th St, Los Angeles, CA 90001"
272285,AA Batteries (4-pack),1,3.84,10/11/19 14:02,"903 6th St, Seattle, WA 98101"
272305,34in Ultrawide Monitor,1,379.99,10/11/19 12:26,"911 Forest St, Seattle, WA 98101"
272306,AA Batteries (4-pack),1,3.84,10/11/19 13:09,"461 South St, Atlanta, GA 30301"
272406,iPhone,1,700.0,10/11/19 22:02,"503 Center St, Seattle, WA 98101"
272426,AA Batteries (4-pack),1,3.84,10/11/19 16:33,"781 14th St, Atlanta, GA 30301"
272432,iPhone,1,700.0,10/11/19 11:58,"531 Chestnut St, New York City, NY 10001"
272432,Lightning Charging Cable,1,14.95,10/11/19 11:58,"531 Chestnut St, New York City, NY 10001"
272442,Apple Airpods Headphones,1,150.0,10/11/19 18:55,"712 Washington St, San Francisco, CA 94016"
272461,AAA Batteries (4-pack),1,2.99,10/11/19 00:44,"3 Chestnut St, Seattle, WA 98101"
272530,27in 4K Gaming Monitor,1,389.99,10/11/19 20:52,"657 8th St, San Francisco, CA 94016"
272534,AAA Batteries (4-pack),1,2.99,10/11/19 23:09,"507 Dogwood St, Portland, OR 97035"
272536,27in 4K Gaming Monitor,1,389.99,10/11/19 14:17,"616 Forest St, Atlanta, GA 30301"
272539,AAA Batteries (4-pack),1,2.99,10/11/19 21:37,"74 7th St, San Francisco, CA 94016"
272551,Wired Headphones,2,11.99,10/11/19 11:10,"527 Lincoln St, Dallas, TX 75001"
272553,Macbook Pro Laptop,1,1700.0,10/11/19 21:13,"661 Cherry St, Dallas, TX 75001"
272587,AAA Batteries (4-pack),1,2.99,10/11/19 14:13,"113 Walnut St, Boston, MA 02215"
272599,AA Batteries (4-pack),2,3.84,10/11/19 11:43,"684 Jefferson St, Boston, MA 02215"
272619,AA Batteries (4-pack),1,3.84,10/11/19 14:54,"331 Cedar St, Boston, MA 02215"
272640,AA Batteries (4-pack),1,3.84,10/11/19 12:01,"148 Jackson St, San Francisco, CA 94016"
272661,AAA Batteries (4-pack),1,2.99,10/11/19 19:21,"597 West St, Dallas, TX 75001"
272732,USB-C Charging Cable,1,11.95,10/11/19 09:11,"36 13th St, Dallas, TX 75001"
272869,Apple Airpods Headphones,1,150.0,10/11/19 14:25,"533 South St, San Francisco, CA 94016"
272950,34in Ultrawide Monitor,1,379.99,10/11/19 19:19,"104 Elm St, Los Angeles, CA 90001"
272951,AA Batteries (4-pack),1,3.84,10/11/19 21:18,"15 Wilson St, Austin, TX 73301"
272960,AA Batteries (4-pack),1,3.84,10/11/19 19:03,"713 12th St, Portland, OR 97035"
272987,AAA Batteries (4-pack),1,2.99,10/11/19 15:20,"268 Spruce St, Portland, OR 97035"
273019,Google Phone,1,600.0,10/11/19 19:03,"557 Johnson St, New York City, NY 10001"
273047,USB-C Charging Cable,1,11.95,10/11/19 09:22,"743 Pine St, San Francisco, CA 94016"
273059,Apple Airpods Headphones,1,150.0,10/11/19 13:07,"690 Sunset St, Dallas, TX 75001"
273116,Google Phone,1,600.0,10/11/19 18:36,"791 Lakeview St, San Francisco, CA 94016"
273117,Flatscreen TV,1,300.0,10/11/19 20:08,"274 North St, Atlanta, GA 30301"
273139,27in FHD Monitor,1,149.99,10/11/19 13:55,"642 Park St, New York City, NY 10001"
273141,Lightning Charging Cable,1,14.95,10/11/19 15:47,"898 9th St, Seattle, WA 98101"
273173,Wired Headphones,1,11.99,10/11/19 10:09,"967 Hill St, Boston, MA 02215"
273267,USB-C Charging Cable,1,11.95,10/11/19 21:45,"950 Johnson St, San Francisco, CA 94016"
273277,Lightning Charging Cable,1,14.95,10/11/19 19:34,"647 Cedar St, San Francisco, CA 94016"
273300,27in 4K Gaming Monitor,1,389.99,10/11/19 16:20,"590 Washington St, Boston, MA 02215"
273318,Apple Airpods Headphones,1,150.0,10/11/19 11:52,"800 Lincoln St, San Francisco, CA 94016"
273327,Apple Airpods Headphones,1,150.0,10/11/19 20:11,"635 South St, New York City, NY 10001"
273367,Apple Airpods Headphones,1,150.0,10/11/19 18:47,"142 Main St, Austin, TX 73301"
273379,27in 4K Gaming Monitor,1,389.99,10/11/19 11:47,"529 Lincoln St, Boston, MA 02215"
273404,Lightning Charging Cable,1,14.95,10/11/19 09:29,"586 West St, Boston, MA 02215"
273430,USB-C Charging Cable,1,11.95,10/11/19 18:01,"447 Ridge St, San Francisco, CA 94016"
273472,AAA Batteries (4-pack),2,2.99,10/11/19 22:17,"279 Cherry St, New York City, NY 10001"
273506,AA Batteries (4-pack),1,3.84,10/11/19 22:57,"230 Elm St, New York City, NY 10001"
273536,Lightning Charging Cable,1,14.95,10/11/19 18:03,"59 Maple St, Los Angeles, CA 90001"
273577,34in Ultrawide Monitor,1,379.99,10/11/19 07:42,"45 Chestnut St, Atlanta, GA 30301"
273618,Flatscreen TV,1,300.0,10/11/19 08:55,"158 Lakeview St, New York City, NY 10001"
273627,Bose SoundSport Headphones,1,99.99,10/11/19 17:24,"357 2nd St, San Francisco, CA 94016"
273634,Wired Headphones,1,11.99,10/11/19 14:29,"995 9th St, Boston, MA 02215"
273635,Bose SoundSport Headphones,1,99.99,10/11/19 20:25,"448 Spruce St, San Francisco, CA 94016"
273698,AA Batteries (4-pack),1,3.84,10/11/19 17:54,"488 Ridge St, Boston, MA 02215"
273731,AA Batteries (4-pack),1,3.84,10/11/19 10:01,"441 14th St, Seattle, WA 98101"
273746,Wired Headphones,1,11.99,10/11/19 01:50,"852 Ridge St, Austin, TX 73301"
273756,27in FHD Monitor,1,149.99,10/11/19 23:30,"341 Cherry St, Atlanta, GA 30301"
273787,27in 4K Gaming Monitor,1,389.99,10/11/19 12:27,"610 Lake St, San Francisco, CA 94016"
273918,USB-C Charging Cable,1,11.95,10/11/19 20:59,"917 Church St, New York City, NY 10001"
273938,Macbook Pro Laptop,1,1700.0,10/11/19 11:05,"958 Wilson St, New York City, NY 10001"
273989,27in 4K Gaming Monitor,1,389.99,10/11/19 23:03,"617 5th St, Seattle, WA 98101"
274001,AAA Batteries (4-pack),1,2.99,10/11/19 16:52,"8 Forest St, New York City, NY 10001"
274064,AA Batteries (4-pack),1,3.84,10/11/19 21:55,"745 5th St, Portland, OR 97035"
274077,AA Batteries (4-pack),2,3.84,10/11/19 14:53,"84 12th St, Los Angeles, CA 90001"
274106,AAA Batteries (4-pack),1,2.99,10/11/19 11:53,"599 9th St, San Francisco, CA 94016"
274203,AA Batteries (4-pack),2,3.84,10/11/19 21:40,"290 Willow St, Los Angeles, CA 90001"
274236,Macbook Pro Laptop,1,1700.0,10/11/19 14:59,"839 Ridge St, Seattle, WA 98101"
274261,Wired Headphones,1,11.99,10/11/19 10:44,"241 Center St, San Francisco, CA 94016"
274274,USB-C Charging Cable,2,11.95,10/11/19 12:44,"218 Chestnut St, Dallas, TX 75001"
274278,27in FHD Monitor,1,149.99,10/11/19 10:48,"311 Park St, Seattle, WA 98101"
274342,Apple Airpods Headphones,1,150.0,10/11/19 12:24,"188 Lincoln St, Los Angeles, CA 90001"
274345,AAA Batteries (4-pack),3,2.99,10/11/19 23:38,"728 Wilson St, New York City, NY 10001"
274359,AA Batteries (4-pack),1,3.84,10/11/19 20:49,"205 Lake St, Boston, MA 02215"
274465,AA Batteries (4-pack),1,3.84,10/11/19 09:47,"336 Washington St, New York City, NY 10001"
274672,AA Batteries (4-pack),1,3.84,10/11/19 10:06,"841 6th St, San Francisco, CA 94016"
274862,27in 4K Gaming Monitor,1,389.99,10/11/19 00:32,"135 9th St, San Francisco, CA 94016"
274875,Wired Headphones,1,11.99,10/11/19 19:52,"83 2nd St, Austin, TX 73301"
274882,27in FHD Monitor,1,149.99,10/11/19 20:46,"263 Dogwood St, Portland, OR 97035"
274920,LG Dryer,1,600.0,10/11/19 22:16,"642 7th St, San Francisco, CA 94016"
274926,27in 4K Gaming Monitor,1,389.99,10/11/19 13:09,"769 Church St, Dallas, TX 75001"
274930,iPhone,1,700.0,10/11/19 08:11,"959 Madison St, Boston, MA 02215"
275009,Apple Airpods Headphones,1,150.0,10/11/19 23:08,"493 Lake St, Portland, OR 97035"
275023,AA Batteries (4-pack),1,3.84,10/11/19 14:13,"991 11th St, San Francisco, CA 94016"
275070,AA Batteries (4-pack),5,3.84,10/11/19 14:05,"894 Lakeview St, Boston, MA 02215"
275086,34in Ultrawide Monitor,1,379.99,10/11/19 20:39,"66 Lakeview St, New York City, NY 10001"
275127,27in 4K Gaming Monitor,1,389.99,10/11/19 15:04,"899 12th St, Los Angeles, CA 90001"
275233,Bose SoundSport Headphones,1,99.99,10/11/19 21:55,"87 Willow St, Atlanta, GA 30301"
275246,Macbook Pro Laptop,1,1700.0,10/11/19 14:48,"193 Washington St, Boston, MA 02215"
275258,27in 4K Gaming Monitor,1,389.99,10/11/19 02:04,"328 1st St, Atlanta, GA 30301"
275266,USB-C Charging Cable,1,11.95,10/11/19 20:28,"612 Adams St, Atlanta, GA 30301"
275280,27in FHD Monitor,1,149.99,10/11/19 13:42,"26 6th St, San Francisco, CA 94016"
275324,USB-C Charging Cable,1,11.95,10/11/19 10:25,"586 Lakeview St, Atlanta, GA 30301"
275339,Lightning Charging Cable,1,14.95,10/11/19 18:45,"374 Lake St, Seattle, WA 98101"
275360,Apple Airpods Headphones,1,150.0,10/11/19 12:24,"646 Park St, Portland, ME 04101"
275415,AA Batteries (4-pack),1,3.84,10/11/19 12:21,"970 River St, Los Angeles, CA 90001"
275426,AAA Batteries (4-pack),1,2.99,10/11/19 05:29,"167 6th St, Dallas, TX 75001"
275482,34in Ultrawide Monitor,1,379.99,10/11/19 23:11,"358 Jackson St, New York City, NY 10001"
275493,USB-C Charging Cable,1,11.95,10/11/19 17:52,"72 7th St, Boston, MA 02215"
275571,AAA Batteries (4-pack),2,2.99,10/11/19 19:59,"256 Lincoln St, San Francisco, CA 94016"
275577,iPhone,1,700.0,10/11/19 21:29,"181 Center St, Atlanta, GA 30301"
275583,AA Batteries (4-pack),1,3.84,10/11/19 08:32,"26 Sunset St, Los Angeles, CA 90001"
275588,AAA Batteries (4-pack),1,2.99,10/11/19 19:44,"848 Jefferson St, Los Angeles, CA 90001"
275608,AA Batteries (4-pack),1,3.84,10/11/19 14:05,"336 1st St, Dallas, TX 75001"
275614,AA Batteries (4-pack),1,3.84,10/11/19 20:02,"783 West St, San Francisco, CA 94016"
275644,AAA Batteries (4-pack),1,2.99,10/11/19 10:01,"195 8th St, San Francisco, CA 94016"
275671,AA Batteries (4-pack),1,3.84,10/11/19 15:09,"152 Madison St, San Francisco, CA 94016"
275703,Apple Airpods Headphones,1,150.0,10/11/19 19:53,"867 2nd St, San Francisco, CA 94016"
275705,Wired Headphones,1,11.99,10/11/19 05:25,"820 5th St, San Francisco, CA 94016"
275705,20in Monitor,1,109.99,10/11/19 05:25,"820 5th St, San Francisco, CA 94016"
275723,USB-C Charging Cable,1,11.95,10/11/19 09:28,"976 Jefferson St, Dallas, TX 75001"
275726,Macbook Pro Laptop,1,1700.0,10/11/19 18:24,"256 Hill St, San Francisco, CA 94016"
275740,USB-C Charging Cable,1,11.95,10/11/19 19:04,"185 Jefferson St, Boston, MA 02215"
275755,USB-C Charging Cable,1,11.95,10/11/19 12:07,"309 Elm St, Dallas, TX 75001"
275774,AA Batteries (4-pack),2,3.84,10/11/19 19:09,"122 5th St, Los Angeles, CA 90001"
275824,Lightning Charging Cable,1,14.95,10/11/19 13:26,"160 Lake St, San Francisco, CA 94016"
275886,iPhone,1,700.0,10/11/19 12:17,"753 Cherry St, Portland, OR 97035"
275924,Lightning Charging Cable,1,14.95,10/11/19 13:29,"622 14th St, Atlanta, GA 30301"
275966,ThinkPad Laptop,1,999.99,10/11/19 12:58,"540 12th St, Seattle, WA 98101"
275988,AAA Batteries (4-pack),1,2.99,10/11/19 20:25,"468 8th St, San Francisco, CA 94016"
276082,AA Batteries (4-pack),1,3.84,10/11/19 16:08,"614 Spruce St, Portland, OR 97035"
276102,27in 4K Gaming Monitor,1,389.99,10/11/19 09:04,"893 7th St, New York City, NY 10001"
276104,20in Monitor,1,109.99,10/11/19 07:31,"96 4th St, Los Angeles, CA 90001"
276108,Wired Headphones,1,11.99,10/11/19 11:07,"841 Jefferson St, Portland, OR 97035"
276125,AA Batteries (4-pack),1,3.84,10/11/19 10:47,"623 9th St, Austin, TX 73301"
276130,27in FHD Monitor,1,149.99,10/11/19 02:01,"862 Lakeview St, San Francisco, CA 94016"
276150,Bose SoundSport Headphones,1,99.99,10/11/19 15:36,"582 10th St, San Francisco, CA 94016"
276171,Bose SoundSport Headphones,1,99.99,10/11/19 22:23,"215 Hickory St, Los Angeles, CA 90001"
276200,USB-C Charging Cable,1,11.95,10/11/19 11:26,"290 Center St, San Francisco, CA 94016"
276227,Bose SoundSport Headphones,1,99.99,10/11/19 17:50,"161 Ridge St, Portland, OR 97035"
276248,Bose SoundSport Headphones,1,99.99,10/11/19 22:30,"699 Cedar St, San Francisco, CA 94016"
276256,AAA Batteries (4-pack),1,2.99,10/11/19 07:47,"646 Cherry St, Dallas, TX 75001"
276297,AAA Batteries (4-pack),1,2.99,10/11/19 15:59,"44 Lincoln St, Seattle, WA 98101"
276331,27in FHD Monitor,1,149.99,10/11/19 05:28,"662 Ridge St, Los Angeles, CA 90001"
276340,AA Batteries (4-pack),1,3.84,10/11/19 15:29,"628 Walnut St, San Francisco, CA 94016"
276371,Lightning Charging Cable,1,14.95,10/11/19 21:07,"26 Spruce St, Los Angeles, CA 90001"
276389,Macbook Pro Laptop,1,1700.0,10/11/19 19:44,"429 5th St, Portland, OR 97035"
276427,Google Phone,1,600.0,10/11/19 09:25,"497 Forest St, New York City, NY 10001"
276427,Bose SoundSport Headphones,1,99.99,10/11/19 09:25,"497 Forest St, New York City, NY 10001"
276447,AA Batteries (4-pack),1,3.84,10/11/19 20:39,"622 12th St, Seattle, WA 98101"
276471,34in Ultrawide Monitor,1,379.99,10/11/19 11:15,"956 5th St, San Francisco, CA 94016"
276515,AAA Batteries (4-pack),1,2.99,10/11/19 19:44,"565 2nd St, New York City, NY 10001"
276515,AA Batteries (4-pack),1,3.84,10/11/19 19:44,"565 2nd St, New York City, NY 10001"
276562,Wired Headphones,1,11.99,10/11/19 18:34,"418 10th St, Los Angeles, CA 90001"
276601,AAA Batteries (4-pack),1,2.99,10/11/19 14:19,"482 5th St, Dallas, TX 75001"
276663,AA Batteries (4-pack),1,3.84,10/11/19 12:00,"734 Meadow St, San Francisco, CA 94016"
276670,Macbook Pro Laptop,1,1700.0,10/11/19 13:59,"486 Hickory St, San Francisco, CA 94016"
276676,AA Batteries (4-pack),1,3.84,10/11/19 22:23,"884 Chestnut St, New York City, NY 10001"
276798,Flatscreen TV,1,300.0,10/11/19 13:03,"220 Johnson St, New York City, NY 10001"
276846,AAA Batteries (4-pack),1,2.99,10/11/19 11:07,"819 Park St, Atlanta, GA 30301"
276899,27in FHD Monitor,1,149.99,10/11/19 06:16,"666 6th St, Dallas, TX 75001"
276921,iPhone,1,700.0,10/11/19 21:48,"225 River St, Dallas, TX 75001"
277024,20in Monitor,1,109.99,10/11/19 06:21,"44 10th St, San Francisco, CA 94016"
277031,Wired Headphones,1,11.99,10/11/19 14:38,"824 Sunset St, Atlanta, GA 30301"
277036,Bose SoundSport Headphones,1,99.99,10/11/19 17:37,"403 4th St, Los Angeles, CA 90001"
277077,Flatscreen TV,1,300.0,10/11/19 08:21,"574 Willow St, Boston, MA 02215"
277097,27in FHD Monitor,1,149.99,10/11/19 15:12,"197 1st St, San Francisco, CA 94016"
277124,Lightning Charging Cable,1,14.95,10/11/19 16:22,"79 Johnson St, Atlanta, GA 30301"
277159,AA Batteries (4-pack),1,3.84,10/11/19 20:54,"461 Park St, New York City, NY 10001"
277165,Lightning Charging Cable,1,14.95,10/11/19 15:05,"888 Sunset St, Boston, MA 02215"
277205,AAA Batteries (4-pack),1,2.99,10/11/19 01:00,"937 11th St, Seattle, WA 98101"
277215,AA Batteries (4-pack),1,3.84,10/11/19 19:56,"205 Park St, Seattle, WA 98101"
277254,AA Batteries (4-pack),2,3.84,10/11/19 15:05,"415 Dogwood St, Seattle, WA 98101"
277259,AAA Batteries (4-pack),1,2.99,10/11/19 06:02,"557 Wilson St, New York City, NY 10001"
277263,Bose SoundSport Headphones,1,99.99,10/11/19 14:46,"637 South St, Portland, OR 97035"
277285,AA Batteries (4-pack),1,3.84,10/11/19 18:43,"892 Lake St, New York City, NY 10001"
277344,27in 4K Gaming Monitor,1,389.99,10/11/19 13:02,"874 Jefferson St, New York City, NY 10001"
277357,USB-C Charging Cable,1,11.95,10/11/19 20:12,"661 South St, New York City, NY 10001"
277375,Apple Airpods Headphones,1,150.0,10/11/19 23:08,"121 River St, Austin, TX 73301"
277377,Wired Headphones,1,11.99,10/11/19 12:58,"869 South St, Seattle, WA 98101"
277490,Apple Airpods Headphones,1,150.0,10/11/19 17:43,"585 Highland St, San Francisco, CA 94016"
277492,Lightning Charging Cable,1,14.95,10/11/19 14:16,"391 Willow St, New York City, NY 10001"
277532,USB-C Charging Cable,1,11.95,10/11/19 14:44,"521 8th St, New York City, NY 10001"
277565,Wired Headphones,1,11.99,10/11/19 20:39,"911 Wilson St, Los Angeles, CA 90001"
277592,AAA Batteries (4-pack),1,2.99,10/11/19 16:19,"129 Meadow St, Los Angeles, CA 90001"
277613,Lightning Charging Cable,1,14.95,10/11/19 16:59,"791 Church St, San Francisco, CA 94016"
277634,AA Batteries (4-pack),2,3.84,10/11/19 19:53,"514 Sunset St, Portland, OR 97035"
277661,34in Ultrawide Monitor,1,379.99,10/11/19 11:38,"809 North St, Dallas, TX 75001"
277714,AA Batteries (4-pack),1,3.84,10/11/19 14:11,"329 7th St, San Francisco, CA 94016"
277762,AA Batteries (4-pack),1,3.84,10/11/19 11:16,"164 Lakeview St, Dallas, TX 75001"
277774,Apple Airpods Headphones,1,150.0,10/11/19 18:14,"565 Main St, Boston, MA 02215"
277790,USB-C Charging Cable,1,11.95,10/11/19 12:03,"521 Church St, Los Angeles, CA 90001"
277797,AA Batteries (4-pack),1,3.84,10/11/19 13:45,"373 11th St, Boston, MA 02215"
277813,AAA Batteries (4-pack),1,2.99,10/11/19 16:07,"261 Walnut St, New York City, NY 10001"
277835,Wired Headphones,1,11.99,10/11/19 20:37,"246 Chestnut St, Portland, OR 97035"
277889,Macbook Pro Laptop,1,1700.0,10/11/19 04:11,"882 Madison St, Portland, OR 97035"
277893,34in Ultrawide Monitor,1,379.99,10/11/19 09:38,"86 Lakeview St, Boston, MA 02215"
277919,Flatscreen TV,1,300.0,10/11/19 10:23,"749 Willow St, Boston, MA 02215"
277944,Wired Headphones,1,11.99,10/11/19 09:02,"443 Maple St, San Francisco, CA 94016"
277969,AA Batteries (4-pack),1,3.84,10/11/19 13:11,"936 14th St, Los Angeles, CA 90001"
277981,AA Batteries (4-pack),1,3.84,10/11/19 14:22,"473 Madison St, Portland, OR 97035"
278016,AA Batteries (4-pack),1,3.84,10/11/19 20:32,"947 Hickory St, Los Angeles, CA 90001"
278030,Bose SoundSport Headphones,1,99.99,10/11/19 13:23,"547 13th St, San Francisco, CA 94016"
278036,Macbook Pro Laptop,1,1700.0,10/11/19 14:10,"957 Maple St, Atlanta, GA 30301"
278048,iPhone,1,700.0,10/11/19 11:16,"121 Sunset St, San Francisco, CA 94016"
278082,Lightning Charging Cable,1,14.95,10/11/19 19:15,"856 Jefferson St, San Francisco, CA 94016"
278085,Apple Airpods Headphones,1,150.0,10/11/19 11:35,"425 Washington St, San Francisco, CA 94016"
278090,AAA Batteries (4-pack),1,2.99,10/11/19 18:52,"181 1st St, Los Angeles, CA 90001"
278101,Vareebadd Phone,1,400.0,10/11/19 23:55,"25 2nd St, Portland, OR 97035"
278202,Lightning Charging Cable,2,14.95,10/11/19 11:30,"251 West St, San Francisco, CA 94016"
278212,Apple Airpods Headphones,1,150.0,10/11/19 15:55,"574 Forest St, Dallas, TX 75001"
278253,Apple Airpods Headphones,1,150.0,10/11/19 19:43,"85 Cherry St, New York City, NY 10001"
278255,Bose SoundSport Headphones,1,99.99,10/11/19 19:48,"784 Main St, San Francisco, CA 94016"
278317,USB-C Charging Cable,1,11.95,10/11/19 11:15,"296 2nd St, Boston, MA 02215"
278358,USB-C Charging Cable,1,11.95,10/11/19 19:28,"6 Chestnut St, Los Angeles, CA 90001"
278416,Lightning Charging Cable,1,14.95,10/11/19 16:25,"267 8th St, Atlanta, GA 30301"
278423,USB-C Charging Cable,1,11.95,10/11/19 17:49,"172 Elm St, New York City, NY 10001"
278425,LG Dryer,1,600.0,10/11/19 15:36,"202 Lake St, Atlanta, GA 30301"
278426,Apple Airpods Headphones,1,150.0,10/11/19 14:05,"706 South St, Boston, MA 02215"
278453,27in FHD Monitor,1,149.99,10/11/19 19:47,"381 South St, Dallas, TX 75001"
278463,Bose SoundSport Headphones,1,99.99,10/11/19 04:29,"313 Park St, New York City, NY 10001"
278473,USB-C Charging Cable,1,11.95,10/11/19 18:02,"944 Cherry St, Austin, TX 73301"
278493,Wired Headphones,1,11.99,10/11/19 13:23,"848 South St, Boston, MA 02215"
278530,AAA Batteries (4-pack),2,2.99,10/11/19 18:34,"509 Hickory St, New York City, NY 10001"
278607,AA Batteries (4-pack),3,3.84,10/11/19 07:01,"100 North St, Los Angeles, CA 90001"
278679,AAA Batteries (4-pack),1,2.99,10/11/19 10:20,"422 12th St, New York City, NY 10001"
278684,Bose SoundSport Headphones,1,99.99,10/11/19 13:07,"830 6th St, San Francisco, CA 94016"
278726,Bose SoundSport Headphones,1,99.99,10/11/19 19:32,"826 12th St, San Francisco, CA 94016"
278739,Lightning Charging Cable,1,14.95,10/11/19 15:53,"55 Adams St, Los Angeles, CA 90001"
278743,USB-C Charging Cable,1,11.95,10/11/19 10:55,"326 7th St, Austin, TX 73301"
278746,Bose SoundSport Headphones,1,99.99,10/11/19 20:11,"219 Lake St, Austin, TX 73301"
278769,AA Batteries (4-pack),1,3.84,10/11/19 13:19,"593 Park St, Portland, OR 97035"
278786,Bose SoundSport Headphones,1,99.99,10/11/19 16:57,"231 Hickory St, Atlanta, GA 30301"
